3355753274
3355915688
3356247050
3356297366
3356506174
3356545648
3356619172
3356929559
3357154002
3357365435



3357429347
3357541872
3358069619
3358089403
3358366025
3358478644
3358668379
3358678732
3358699275

3575736852

3358724083
3358784142
3358803782
3358904341
3358971561
3358979169
3359018545
3359135158


3359172610
3359264221
3359284390
3359297284
3359401046
3359433201
3359470690
3359473698
3359513887
3359536353
3359621723
3359625848
3359712073
3359745774
3359749390
3359839105
3359847819
3359857761
3359895965
3360056311



3360059071  -----------------
3360339956
3360447228
3360582632
3360605984
3360781817
3360867261
3361135487
3361214458
3361270048
3361324283
3361377115
3361571060
3361597718
3361652101
3361751326
3361806737
3361807713
3361831374
3362104875
3362133465
3362165517
3362490835
3362565077
3363232964
3363455296
3363630047
3364269120
3364442733
3364723680
3364865128
3366044305
3366589413
3367866604
3368027639
3368038384
3368044961
3368065225
3368077571
3368086548
3368100035
3368103884
3368108655
3368134716
qqyewu.com
3368136673
3368143050
3368146115
3368152544
3368158096
3368158527
3368167047
3368199839
3368211810
3368212549
3368225022
3368244107
3368247754
3368251859
3368260954
3368267752
3368268121
3368269861
3368275715
3368288615
3368309744
3368335367
3368349446
3368360598
3368361634
3368383049
3368392010
3368393993
3368403174
3368403472
3368407075
3368407248
qqyewu.com
3368429864
3368432195
3368449948
3368462406
3368463807
3368469159
3368470237
3368474552
3368475306
3368475659
3368482933
3368491759
3368497511
3368500763
3368501259
3368502970
3368504564
3368504800
3368507860
3368509642
3368520068
3368548231
3368554371
3368568802
3368571842
3368577066
3368584737
3368592141
3368604920
qqyewu.com
3368609771
3368614434
3368616027
3368617542
3368622468
3368624692
3368629978
3368652374
3368656147
3368661826
3368666240
3368672130
3368678774
3368683982
3368685834
3368686139
3368700891
3368715810
3368721924
3368753436
3368756721
3368763310
3368765804
3368767211
3368767497
3368773913
3368775194
3368783097
3368784427
3368786839
3368788493
3368791747
3368804221
3368805464
3368822588
3368823531
3368824697
3368827701
3368838580
3368840258
3368841780
3368848265
3368858071
3368864515
3368887881
3368928747
3368985198
3369009935
3369018386
3369018642
3369034853
3369067440
3369075019
3369117643
3369123749
3369140891
qqyewu.com
3369142110
3369145665
3369146515
3369151395
3369179066
3369191755
3369193934
3369194447
3369211788
3369212626
3369226439
3369227633
3369255375
3369265323
3369269136
3369271265
3369274376
3369289025
3369297493
3369306883
3369327241
3369342075
3369345346
3369346167
3369381697
3369384158
3369389482
3369398048
3369407267
3369410736
3369417862
3369432413
3369438958
3369440796
3369456155
3369465284
3369478660
3369478912
3369481651
qqyewu.com
3369488823
3369495623
3369509564
3369510230
3369519186
3369521154
3369542141
3369548753
3369549030
3369561072
3369565431
3369567291
3369568457
3369580600
3369589561
3369644374
3369646836
3369653447
3369657491
3369662218
3369743427
3369753879
3369756106
3369799303
3369843343
3369868338
3369892929
3369900253
qqyewu.com
3375148837
3375438343
3375552536
3375577045
3375952886
3376339577
3376539902
3376567043
3376737540
3376863680
3376940349
3376956269
3377376833
3377407387
3377433492
3377859382
3377897905
3378037896
3378249096
3378369335
3378389869
3378502082
3378506048
3378525134
3378604216
3378729596
3378829018
3378848711
3378942785
3378999651
3379059583
3381715471
3381850842
3381881458
3382193175
3383117725
qqyewu.com
3383141927
3383148274
3383153359
3383166172
3383188071
3383285990
3383297100
3383306319
3383319122
3383321352
3383329420
3383408970
3383455079
3383461652
3383544066
3383575138
3383604518
3383610739
3383637182
3383679285
3383699763
3383732497
3383768838
3383813980
3383815662
3383848624
3383859664
3383881402
3383932044
3383951796
3383952282
3384017212
3384018679
3384025862
qqyewu.com
3384028826
3384029042
3384037546
3384056126
3384114457
3384149619
3384216215
3384231347
3384234170
3384271642
3384279015
3384296099
3384322926
3384346604
3384423760
3384500571
3384511642
3384599867
3384615771
3384646050
3384652593
3384664106
3384665254
3384737007
qqyewu.com
3384747612
3384749737
3384766436
3384802316
3384862932
3384882809
3384886959
3384915371
3384962009
3385074279
3387096042
3387099725
3387147908
3387183518
3387293797
3387315209
qqyewu.com
3387353161
3387366871
3387383319
3387446935
3387486656
3387684298
3387696709
3387760395
3387807074
3387814036
3387893353
3387893505
3387907176
3387914130
3387996311
3388017379
3388434872
3388505030
3388752272
3388762968
qqyewu.com
3388906669
3388911650
3388914672
3388978240
3391114879
3391146376
3391299166
3391340572
3391477737
3391558715
3391590996
3391814608
3391875343
3391900349
3391965095
3392138698
3392152073
3392173465
3392441081
3392566250
3392757073
3392785865
3392802980
3392804440
3392818049
3392840975
3392987460
3395057463
3397116235
3397124692
3397132366
3397142378
3397166252
3397167709
3397187955
3397194166
3397199263
3397204182
3397215182
3397305059
3397305338
3397306287
3397328369
3397334574
3397358569
3397375348
3397402676
3397415541
3397450580
3397454919
3397499435
3397524043
3397525539
3397550163
3397561299
3397564061
3397573771
3397591342
3397663422
3397663855
3397673284
3397674260
qqyewu.com
3397678147
3397738237
3397739344
3397741191
3397742118
3397766593
3397773548
3397787322
3397787751
3397799029
3397804965
3397807775
3397808498
3397830998
3397836685
3397848683
3397851668
3397860578
3397861097
3397865701
3397874374
3397881422
3397894066
3397928523
3397928965
3397936253
3397954936
3397964895
3397965061
3397973145
3397974958
3398003499
3398015627
3398045291
3398064182
3398076745
3398104176
3398113121
3398118099
3398118223
3398123683
3398142977
3398153242
3398155738
3398166915
3398167602
qqyewu.com
3398183484
3398183986
3398188057
3398197764
3398198997
3398204905
3398226478
3398246748
3398254246
3398264425
3398275023
3398283984
3398295811
3398303470
3398305689
3398307740
3398315067
3398329484
3398346414
3398352030
3398367967
3398368823
3398383561
3398384976
3398394850
3398396166
3398430592
3398442568
3398454180
3398466186
3398471467
3398475864
3398486057
3398490775
3398498098
3398508614
3398513750
3398516325
3398528120
3398538831
3398553650
3398572693
3398592599
3398616024
3398622316
3398675835
3398679781
3398682617
3398690377
3398697057
3398698363
3398715414
3398722748
3398724537
3398727396
3398728717
3398750861
3398755185
3398758138
3398767993
3398769968
3398789253
3398791466
3398800952
3398808003
3398812458
3398828955
3398835943
3398868683
3398879582
3398896620
3398921247
3398926932
3398928488
3398944892
3398993425
3399018941
3399026615
3399049458
3402087944
3402985838
3407096715
3407114580
3407123893
3407132281
3407136928
3407149443
3407153775
3407179878
3407205848
3407250735
3407252532
3407259043
3407281194
3407283199
3407298797
3407305490
3407312415
3407337365
3407346359
3407357364
3407366195
3407369676
3407387070
3407390380
3407412629
3407424395
3407425703
3407475320
3407475660
3407480683
3407519100
3407535503
3407551749
3407574993
3407575180
3407617538
3407656786
3407658903
3407689458
3407691656
3407694049
3407697842
3407726120
3407726474
3407748945
3407754714
3407758799
3407772542
3407779597
3407784786
3407799499
3407840758
3407882949
3407928632
3407933716
3407938671
3407951317
3407954473
3407958568
3407958641
3407969070
3407970071
3407989049
3407995791
3407999619
qqyewu.com
3408004645
3408013859
3408038504
3408057306
3408065324
3408086414
3408129656
3408132145
3408153372
3408184063
3408184476
3408213452
3408240746
3408242410
3408252997
3408268429
3408280237
3408284047
3408318191
3408342173
3408356663
3408392676
3408403272
3408405780
3408410650
3408415356
3408424519
3408427435
3408434243
3408435922
3408453588
3408457912
3408459382
3408482589
3408487015
3408489975
3408494036
3408534540
3408539839
3408541256
3408541837
3408582199
3408582946
3408583092
3408589797
3408591968
3408599104
3408603647
3408607851
3408623513
3408632272
3408633306
3408638535
3408646314
3408656872
3408678714
3408681509
3408740696
3408749097
3408793279
3408832784
3408846342
3408864576
3408865249
3408900768
3408915918
3408918254
3408928214
3408935437
3408936712
3408978308
3409024763
3409027631
3409067463
3409088067
3412225392